 &plot nbnd=  32, nks=   221 /
            0.000000  0.000000  0.000000
 -11.825 -11.072 -10.812 -10.791 -10.791 -10.713 -10.660 -10.568 -10.543 -10.543
  -9.560  -7.607  -7.607  -5.810   0.928   5.064   5.064   5.144   6.020   7.157
   7.260   7.921   7.921   8.439   8.439   9.193  10.215  15.026  15.239  15.239
  19.271  19.360
            0.000000  0.005279  0.000000
 -11.824 -11.073 -10.812 -10.791 -10.791 -10.714 -10.660 -10.568 -10.543 -10.543
  -9.558  -7.612  -7.603  -5.811   0.932   5.051   5.067   5.147   6.024   7.152
   7.266   7.922   7.922   8.420   8.439   9.189  10.236  15.018  15.241  15.248
  19.278  19.367
            0.000000  0.010557  0.000000
 -11.821 -11.076 -10.812 -10.791 -10.791 -10.717 -10.659 -10.568 -10.543 -10.543
  -9.552  -7.627  -7.592  -5.814   0.945   5.013   5.076   5.154   6.035   7.138
   7.282   7.922   7.925   8.368   8.440   9.179  10.299  14.998  15.249  15.271
  19.300  19.385
            0.000000  0.015836  0.000000
 -11.817 -11.081 -10.812 -10.791 -10.791 -10.722 -10.658 -10.569 -10.544 -10.544
  -9.542  -7.650  -7.573  -5.820   0.965   4.952   5.092   5.167   6.054   7.116
   7.308   7.923   7.929   8.287   8.442   9.163  10.396  14.969  15.262  15.305
  19.336  19.415
            0.000000  0.021114  0.000000
 -11.810 -11.088 -10.812 -10.790 -10.790 -10.727 -10.657 -10.570 -10.544 -10.544
  -9.528  -7.683  -7.546  -5.828   0.994   4.869   5.114   5.184   6.080   7.085
   7.340   7.925   7.935   8.186   8.445   9.140  10.520  14.934  15.280  15.346
  19.385  19.457
            0.000000  0.026393  0.000000
 -11.801 -11.098 -10.812 -10.790 -10.790 -10.734 -10.656 -10.571 -10.544 -10.544
  -9.510  -7.723  -7.513  -5.839   1.031   4.770   5.142   5.206   6.114   7.047
   7.376   7.926   7.941   8.070   8.449   9.111  10.665  14.894  15.304  15.392
  19.443  19.511
            0.000000  0.031672  0.000000
 -11.791 -11.110 -10.812 -10.789 -10.789 -10.742 -10.654 -10.572 -10.545 -10.545
  -9.488  -7.771  -7.473  -5.854   1.077   4.655   5.176   5.233   6.155   7.002
   7.413   7.929   7.947   7.948   8.453   9.077  10.825  14.850  15.333  15.442
  19.508  19.576
            0.000000  0.036950  0.000000
 -11.779 -11.125 -10.812 -10.789 -10.789 -10.749 -10.652 -10.574 -10.546 -10.546
  -9.462  -7.825  -7.426  -5.872   1.131   4.528   5.216   5.264   6.202   6.951
   7.447   7.818   7.931   7.954   8.458   9.038  10.996  14.800  15.369  15.496
  19.578  19.652
            0.000000  0.042229  0.000000
 -11.765 -11.142 -10.811 -10.788 -10.788 -10.757 -10.650 -10.575 -10.547 -10.546
  -9.431  -7.885  -7.375  -5.895   1.193   4.391   5.261   5.300   6.256   6.895
   7.473   7.691   7.934   7.960   8.463   8.995  11.175  14.744  15.409  15.551
  19.648  19.739
            0.000000  0.047507  0.000000
 -11.749 -11.161 -10.811 -10.788 -10.787 -10.765 -10.647 -10.577 -10.547 -10.547
  -9.397  -7.950  -7.318  -5.923   1.264   4.247   5.312   5.340   6.316   6.834
   7.471   7.585   7.937   7.966   8.469   8.949  11.360  14.681  15.456  15.609
  19.716  19.835
            0.000000  0.052786  0.000000
 -11.732 -11.184 -10.811 -10.787 -10.787 -10.771 -10.645 -10.579 -10.548 -10.548
  -9.359  -8.019  -7.257  -5.956   1.343   4.096   5.368   5.385   6.382   6.769
   7.385   7.557   7.940   7.971   8.475   8.902  11.550  14.611  15.506  15.666
  19.777  19.941
            0.000000  0.058065  0.000000
 -11.713 -11.208 -10.811 -10.786 -10.786 -10.778 -10.642 -10.582 -10.549 -10.549
  -9.317  -8.091  -7.192  -5.993   1.430   3.941   5.428   5.434   6.452   6.700
   7.260   7.559   7.944   7.975   8.482   8.855  11.742  14.533  15.561  15.724
  19.828  20.057
            0.000000  0.063343  0.000000
 -11.692 -11.234 -10.810 -10.786 -10.785 -10.783 -10.639 -10.584 -10.550 -10.550
  -9.271  -8.166  -7.123  -6.035   1.524   3.783   5.486   5.494   6.527   6.629
   7.131   7.557   7.947   7.978   8.490   8.809  11.935  14.445  15.619  15.779
  19.869  20.180
            0.000000  0.068622  0.000000
 -11.670 -11.262 -10.810 -10.788 -10.785 -10.785 -10.635 -10.587 -10.551 -10.550
  -9.221  -8.242  -7.052  -6.083   1.627   3.624   5.542   5.565   6.555   6.606
   7.002   7.547   7.951   7.980   8.497   8.765  12.129  14.349  15.677  15.832
  19.898  20.311
            0.000000  0.073901  0.000000
 -11.646 -11.292 -10.810 -10.792 -10.784 -10.784 -10.632 -10.590 -10.551 -10.551
  -9.167  -8.319  -6.979  -6.135   1.736   3.463   5.602   5.640   6.480   6.688
   6.876   7.526   7.955   7.982   8.505   8.725  12.322  14.242  15.736  15.880
  19.915  20.233
            0.000000  0.079179  0.000000
 -11.621 -11.322 -10.809 -10.795 -10.784 -10.784 -10.628 -10.593 -10.552 -10.552
  -9.110  -8.397  -6.904  -6.191   1.853   3.302   5.665   5.719   6.403   6.752
   6.772   7.494   7.959   7.982   8.514   8.689  12.513  14.126  15.793  15.921
  19.924  20.162
            0.000000  0.084458  0.000000
 -11.595 -11.353 -10.808 -10.798 -10.783 -10.783 -10.625 -10.596 -10.552 -10.552
  -9.050  -8.476  -6.828  -6.251   1.976   3.143   5.731   5.804   6.326   6.631
   6.857   7.451   7.963   7.982   8.523   8.657  12.701  14.000  15.846  15.954
  19.928  20.099
            0.000000  0.089736  0.000000
 -11.567 -11.385 -10.808 -10.800 -10.783 -10.783 -10.621 -10.600 -10.553 -10.553
  -8.986  -8.553  -6.752  -6.316   2.106   2.984   5.799   5.892   6.248   6.514
   6.943   7.398   7.966   7.982   8.533   8.630  12.886  13.865  15.893  15.978
  19.928  20.045
            0.000000  0.095015  0.000000
 -11.539 -11.416 -10.807 -10.802 -10.783 -10.783 -10.618 -10.603 -10.553 -10.553
  -8.919  -8.630  -6.675  -6.383   2.241   2.829   5.870   5.985   6.171   6.400
   7.028   7.336   7.970   7.980   8.544   8.607  13.066  13.721  15.933  15.991
  19.930  20.002
            0.000000  0.100294  0.000000
 -11.509 -11.447 -10.806 -10.804 -10.783 -10.783 -10.614 -10.607 -10.553 -10.553
  -8.850  -8.705  -6.600  -6.453   2.381   2.676   5.943   6.083   6.094   6.290
   7.111   7.266   7.973   7.978   8.557   8.587  13.240  13.568  15.964  15.994
  19.936  19.970
            0.000000  0.105572  0.000000
 -11.478 -11.478 -10.805 -10.805 -10.782 -10.782 -10.610 -10.610 -10.553 -10.553
  -8.779  -8.779  -6.526  -6.526   2.527   2.527   6.018   6.018   6.185   6.185
   7.191   7.191   7.976   7.976   8.571   8.571  13.408  13.408  15.984  15.984
  19.949  19.949
            0.005279  0.105572  0.000000
 -11.479 -11.479 -10.805 -10.805 -10.783 -10.783 -10.610 -10.610 -10.553 -10.553
  -8.776  -8.776  -6.530  -6.530   2.532   2.532   6.018   6.018   6.181   6.181
   7.191   7.191   7.975   7.975   8.569   8.569  13.410  13.410  15.987  15.987
  19.947  19.947
            0.010557  0.105572  0.000000
 -11.481 -11.481 -10.804 -10.804 -10.783 -10.783 -10.610 -10.610 -10.553 -10.553
  -8.766  -8.766  -6.542  -6.542   2.547   2.547   6.020   6.020   6.169   6.169
   7.190   7.190   7.972   7.972   8.563   8.563  13.417  13.417  15.996  15.996
  19.943  19.943
            0.015836  0.105572  0.000000
 -11.484 -11.484 -10.804 -10.804 -10.783 -10.783 -10.610 -10.610 -10.553 -10.553
  -8.750  -8.750  -6.563  -6.563   2.573   2.573   6.023   6.023   6.149   6.149
   7.190   7.190   7.968   7.968   8.554   8.554  13.428  13.428  16.011  16.011
  19.937  19.937
            0.021114  0.105572  0.000000
 -11.488 -11.488 -10.803 -10.803 -10.784 -10.784 -10.610 -10.610 -10.552 -10.552
  -8.728  -8.728  -6.591  -6.591   2.608   2.608   6.026   6.026   6.122   6.122
   7.189   7.189   7.963   7.963   8.541   8.541  13.444  13.444  16.031  16.031
  19.928  19.928
            0.026393  0.105572  0.000000
 -11.493 -11.493 -10.802 -10.802 -10.784 -10.784 -10.609 -10.609 -10.552 -10.552
  -8.700  -8.700  -6.628  -6.628   2.653   2.653   6.031   6.031   6.087   6.087
   7.187   7.187   7.956   7.956   8.526   8.526  13.463  13.463  16.056  16.056
  19.919  19.919
            0.031672  0.105572  0.000000
 -11.499 -11.499 -10.800 -10.800 -10.785 -10.785 -10.609 -10.609 -10.551 -10.551
  -8.666  -8.666  -6.671  -6.671   2.706   2.706   6.036   6.036   6.044   6.044
   7.186   7.186   7.948   7.948   8.508   8.508  13.485  13.485  16.085  16.085
  19.910  19.910
            0.036950  0.105572  0.000000
 -11.505 -11.505 -10.799 -10.799 -10.786 -10.786 -10.609 -10.609 -10.550 -10.550
  -8.627  -8.627  -6.721  -6.721   2.767   2.767   5.995   5.995   6.042   6.042
   7.185   7.185   7.939   7.939   8.489   8.489  13.510  13.510  16.117  16.117
  19.902  19.902
            0.042229  0.105572  0.000000
 -11.512 -11.512 -10.797 -10.797 -10.786 -10.786 -10.608 -10.608 -10.549 -10.549
  -8.582  -8.582  -6.777  -6.777   2.836   2.836   5.939   5.939   6.049   6.049
   7.183   7.183   7.929   7.929   8.468   8.468  13.538  13.538  16.152  16.152
  19.896  19.896
            0.047507  0.105572  0.000000
 -11.519 -11.519 -10.796 -10.796 -10.787 -10.787 -10.608 -10.608 -10.548 -10.548
  -8.532  -8.532  -6.839  -6.839   2.910   2.910   5.877   5.877   6.056   6.056
   7.182   7.182   7.919   7.919   8.446   8.446  13.566  13.566  16.189  16.189
  19.893  19.893
            0.052786  0.105572  0.000000
 -11.526 -11.526 -10.794 -10.794 -10.788 -10.788 -10.608 -10.608 -10.547 -10.547
  -8.477  -8.477  -6.906  -6.906   2.989   2.989   5.811   5.811   6.064   6.064
   7.181   7.181   7.908   7.908   8.424   8.424  13.595  13.595  16.226  16.226
  19.893  19.893
            0.058065  0.105572  0.000000
 -11.533 -11.533 -10.793 -10.793 -10.789 -10.789 -10.607 -10.607 -10.547 -10.547
  -8.417  -8.417  -6.977  -6.977   3.072   3.072   5.740   5.740   6.071   6.071
   7.180   7.180   7.897   7.897   8.403   8.403  13.625  13.625  16.263  16.263
  19.896  19.896
            0.063343  0.105572  0.000000
 -11.539 -11.539 -10.791 -10.791 -10.790 -10.790 -10.607 -10.607 -10.546 -10.546
  -8.353  -8.353  -7.053  -7.053   3.158   3.158   5.666   5.666   6.078   6.078
   7.179   7.179   7.887   7.887   8.382   8.382  13.653  13.653  16.298  16.298
  19.903  19.903
            0.068622  0.105572  0.000000
 -11.546 -11.546 -10.791 -10.791 -10.790 -10.790 -10.606 -10.606 -10.545 -10.545
  -8.285  -8.285  -7.131  -7.131   3.243   3.243   5.591   5.591   6.085   6.085
   7.179   7.179   7.877   7.877   8.363   8.363  13.680  13.680  16.332  16.332
  19.914  19.914
            0.073901  0.105572  0.000000
 -11.551 -11.551 -10.792 -10.792 -10.789 -10.789 -10.606 -10.606 -10.544 -10.544
  -8.213  -8.213  -7.213  -7.213   3.327   3.327   5.517   5.517   6.092   6.092
   7.178   7.178   7.867   7.867   8.346   8.346  13.705  13.705  16.362  16.362
  19.927  19.927
            0.079179  0.105572  0.000000
 -11.556 -11.556 -10.792 -10.792 -10.788 -10.788 -10.606 -10.606 -10.543 -10.543
  -8.139  -8.139  -7.296  -7.296   3.407   3.407   5.445   5.445   6.098   6.098
   7.178   7.178   7.859   7.859   8.331   8.331  13.728  13.728  16.388  16.388
  19.941  19.941
            0.084458  0.105572  0.000000
 -11.561 -11.561 -10.793 -10.793 -10.787 -10.787 -10.606 -10.606 -10.543 -10.543
  -8.061  -8.061  -7.381  -7.381   3.480   3.480   5.379   5.379   6.103   6.103
   7.178   7.178   7.852   7.852   8.318   8.318  13.747  13.747  16.410  16.410
  19.956  19.956
            0.089736  0.105572  0.000000
 -11.564 -11.564 -10.793 -10.793 -10.787 -10.787 -10.605 -10.605 -10.542 -10.542
  -7.981  -7.981  -7.468  -7.468   3.542   3.542   5.322   5.322   6.107   6.107
   7.177   7.177   7.846   7.846   8.307   8.307  13.763  13.763  16.428  16.428
  19.969  19.969
            0.095015  0.105572  0.000000
 -11.567 -11.567 -10.794 -10.794 -10.786 -10.786 -10.605 -10.605 -10.542 -10.542
  -7.899  -7.899  -7.554  -7.554   3.590   3.590   5.278   5.278   6.110   6.110
   7.177   7.177   7.841   7.841   8.300   8.300  13.774  13.774  16.441  16.441
  19.980  19.980
            0.100294  0.105572  0.000000
 -11.568 -11.568 -10.794 -10.794 -10.786 -10.786 -10.605 -10.605 -10.542 -10.542
  -7.815  -7.815  -7.640  -7.640   3.621   3.621   5.250   5.250   6.112   6.112
   7.177   7.177   7.839   7.839   8.295   8.295  13.781  13.781  16.448  16.448
  19.987  19.987
            0.105572  0.105572  0.000000
 -11.569 -11.569 -10.794 -10.794 -10.786 -10.786 -10.605 -10.605 -10.542 -10.542
  -7.744  -7.744  -7.713  -7.713   3.632   3.632   5.240   5.240   6.113   6.113
   7.177   7.177   7.838   7.838   8.294   8.294  13.784  13.784  16.451  16.451
  19.989  19.989
            0.100294  0.100294  0.000000
 -11.570 -11.565 -10.794 -10.794 -10.786 -10.786 -10.605 -10.605 -10.542 -10.542
  -7.900  -7.743  -7.712  -7.554   3.586   3.636   5.238   5.280   6.105   6.118
   7.170   7.185   7.838   7.841   8.295   8.299  13.767  13.791  16.444  16.447
  19.974  19.996
            0.095015  0.095015  0.000000
 -11.574 -11.556 -10.794 -10.793 -10.787 -10.786 -10.606 -10.604 -10.543 -10.542
  -8.066  -7.740  -7.711  -7.381   3.463   3.648   5.232   5.388   6.082   6.133
   7.148   7.207   7.840   7.850   8.299   8.313  13.717  13.813  16.425  16.436
  19.930  20.014
            0.089736  0.089736  0.000000
 -11.580 -11.540 -10.794 -10.792 -10.789 -10.786 -10.608 -10.603 -10.544 -10.542
  -8.227  -7.736  -7.709  -7.209   3.287   3.670   5.223   5.539   6.046   6.159
   7.112   7.241   7.842   7.863   8.304   8.337  13.634  13.849  16.392  16.415
  19.868  20.044
            0.084458  0.084458  0.000000
 -11.588 -11.518 -10.794 -10.791 -10.790 -10.786 -10.611 -10.602 -10.546 -10.542
  -8.382  -7.731  -7.706  -7.040   3.081   3.700   5.211   5.714   5.998   6.194
   7.064   7.286   7.846   7.880   8.312   8.370  13.521  13.897  16.346  16.386
  19.797  20.085
            0.079179  0.079179  0.000000
 -11.599 -11.490 -10.793 -10.793 -10.789 -10.786 -10.613 -10.600 -10.547 -10.542
  -8.529  -7.724  -7.702  -6.876   2.861   3.740   5.197   5.900   5.939   6.239
   7.004   7.337   7.850   7.899   8.321   8.411  13.379  13.956  16.287  16.346
  19.728  20.136
            0.073901  0.073901  0.000000
 -11.613 -11.458 -10.796 -10.793 -10.787 -10.786 -10.617 -10.597 -10.549 -10.542
  -8.668  -7.715  -7.698  -6.720   2.636   3.789   5.181   5.873   6.090   6.292
   6.935   7.392   7.855   7.919   8.332   8.459  13.210  14.025  16.217  16.294
  19.668  20.196
            0.068622  0.068622  0.000000
 -11.628 -11.422 -10.799 -10.793 -10.786 -10.785 -10.620 -10.595 -10.551 -10.542
  -8.797  -7.706  -7.693  -6.573   2.414   3.850   5.164   5.802   6.281   6.352
   6.858   7.445   7.860   7.938   8.343   8.514  13.017  14.100  16.137  16.230
  19.623  20.265
            0.063343  0.063343  0.000000
 -11.645 -11.383 -10.801 -10.793 -10.786 -10.784 -10.624 -10.592 -10.552 -10.542
  -8.916  -7.696  -7.687  -6.437   2.200   3.921   5.146   5.728   6.419   6.473
   6.775   7.492   7.866   7.954   8.354   8.574  12.803  14.181  16.049  16.155
  19.595  20.340
            0.058065  0.058065  0.000000
 -11.664 -11.342 -10.804 -10.793 -10.784 -10.783 -10.629 -10.590 -10.553 -10.542
  -9.025  -7.686  -7.680  -6.314   1.998   4.004   5.129   5.652   6.492   6.664
   6.689   7.531   7.873   7.968   8.366   8.639  12.571  14.266  15.956  16.070
  19.584  20.420
            0.052786  0.052786  0.000000
 -11.684 -11.300 -10.806 -10.792 -10.782 -10.782 -10.633 -10.587 -10.553 -10.542
  -9.123  -7.675  -7.672  -6.205   1.810   4.098   5.113   5.577   6.569   6.600
   6.855   7.557   7.879   7.978   8.377   8.707  12.324  14.352  15.862  15.976
  19.587  20.385
            0.047507  0.047507  0.000000
 -11.704 -11.259 -10.808 -10.792 -10.782 -10.779 -10.637 -10.584 -10.553 -10.543
  -9.210  -7.665  -7.664  -6.110   1.639   4.202   5.099   5.505   6.512   6.648
   7.047   7.570   7.886   7.984   8.388   8.776  12.066  14.439  15.767  15.875
  19.596  20.219
            0.042229  0.042229  0.000000
 -11.725 -11.220 -10.809 -10.792 -10.783 -10.774 -10.641 -10.581 -10.552 -10.543
  -9.287  -7.656  -7.654  -6.031   1.485   4.315   5.087   5.436   6.426   6.729
   7.236   7.569   7.892   7.986   8.398   8.846  11.802  14.526  15.677  15.771
  19.604  20.059
            0.036950  0.036950  0.000000
 -11.745 -11.184 -10.810 -10.792 -10.784 -10.767 -10.645 -10.578 -10.551 -10.543
  -9.354  -7.647  -7.644  -5.966   1.351   4.435   5.078   5.372   6.343   6.808
   7.413   7.565   7.898   7.983   8.407   8.915  11.534  14.611  15.591  15.668
  19.599  19.910
            0.031672  0.031672  0.000000
 -11.764 -11.153 -10.811 -10.792 -10.785 -10.759 -10.649 -10.576 -10.550 -10.543
  -9.410  -7.638  -7.635  -5.916   1.236   4.559   5.071   5.315   6.266   6.886
   7.482   7.653   7.904   7.977   8.415   8.980  11.269  14.694  15.512  15.569
  19.574  19.773
            0.026393  0.026393  0.000000
 -11.781 -11.127 -10.811 -10.791 -10.786 -10.749 -10.652 -10.574 -10.548 -10.543
  -9.457  -7.630  -7.627  -5.877   1.140   4.683   5.066   5.264   6.196   6.958
   7.450   7.827   7.909   7.967   8.422   9.039  11.013  14.774  15.442  15.477
  19.526  19.653
            0.021114  0.021114  0.000000
 -11.796 -11.106 -10.812 -10.791 -10.788 -10.739 -10.655 -10.572 -10.547 -10.543
  -9.495  -7.623  -7.620  -5.850   1.062   4.801   5.064   5.222   6.136   7.023
   7.401   7.913   7.955   8.004   8.428   9.091  10.771  14.848  15.379  15.396
  19.461  19.550
            0.015836  0.015836  0.000000
 -11.808 -11.091 -10.812 -10.791 -10.789 -10.729 -10.657 -10.570 -10.545 -10.543
  -9.524  -7.616  -7.615  -5.831   1.003   4.906   5.063   5.189   6.086   7.078
   7.349   7.917   7.943   8.169   8.433   9.134  10.555  14.915  15.326  15.329
  19.390  19.469
            0.010557  0.010557  0.000000
 -11.818 -11.080 -10.812 -10.791 -10.790 -10.721 -10.658 -10.569 -10.544 -10.543
  -9.544  -7.611  -7.611  -5.819   0.961   4.990   5.063   5.164   6.050   7.121
   7.303   7.919   7.932   8.307   8.436   9.166  10.378  14.971  15.280  15.282
  19.328  19.409
            0.005279  0.005279  0.000000
 -11.823 -11.074 -10.812 -10.791 -10.791 -10.715 -10.659 -10.568 -10.543 -10.543
  -9.556  -7.608  -7.608  -5.812   0.937   5.045   5.063   5.149   6.027   7.147
   7.272   7.921   7.924   8.404   8.438   9.186  10.258  15.011  15.249  15.251
  19.286  19.373
            0.000000  0.000000  0.000000
 -11.825 -11.072 -10.812 -10.791 -10.791 -10.713 -10.660 -10.568 -10.543 -10.543
  -9.560  -7.607  -7.607  -5.810   0.928   5.064   5.064   5.144   6.020   7.157
   7.260   7.921   7.921   8.439   8.439   9.193  10.215  15.026  15.239  15.239
  19.271  19.360
            0.000000  0.000000  0.007803
 -11.822 -11.068 -10.811 -10.797 -10.797 -10.714 -10.660 -10.568 -10.544 -10.544
  -9.556  -7.597  -7.597  -5.815   0.927   5.070   5.070   5.139   6.024   7.085
   7.272   7.892   7.892   8.443   8.443   9.187  10.267  15.041  15.268  15.268
  19.099  19.531
            0.000000  0.000000  0.015607
 -11.813 -11.057 -10.815 -10.815 -10.808 -10.716 -10.659 -10.568 -10.547 -10.547
  -9.546  -7.567  -7.567  -5.829   0.924   5.087   5.087   5.121   6.037   6.919
   7.271   7.810   7.810   8.453   8.453   9.171  10.414  15.085  15.353  15.353
  18.891  19.735
            0.000000  0.000000  0.023410
 -11.798 -11.039 -10.844 -10.844 -10.802 -10.718 -10.657 -10.568 -10.552 -10.552
  -9.528  -7.518  -7.518  -5.852   0.919   5.095   5.117   5.117   6.058   6.689
   7.246   7.685   7.685   8.462   8.462   9.145  10.633  15.154  15.490  15.490
  18.688  19.935
            0.000000  0.000000  0.031213
 -11.778 -11.015 -10.883 -10.883 -10.794 -10.722 -10.656 -10.568 -10.557 -10.557
  -9.504  -7.452  -7.452  -5.885   0.912   5.060   5.157   5.157   6.087   6.415
   7.203   7.526   7.526   8.466   8.466   9.108  10.901  15.244  15.673  15.673
  18.493  20.128
            0.000000  0.000000  0.039016
 -11.753 -10.987 -10.929 -10.929 -10.784 -10.726 -10.653 -10.569 -10.564 -10.564
  -9.471  -7.371  -7.371  -5.928   0.906   5.022   5.207   5.207   6.113   6.125
   7.144   7.343   7.343   8.464   8.464   9.060  11.199  15.349  15.895  15.895
  18.312  20.313
            0.000000  0.000000  0.046820
 -11.722 -10.982 -10.982 -10.955 -10.772 -10.730 -10.651 -10.571 -10.571 -10.569
  -9.429  -7.279  -7.279  -5.981   0.899   4.982   5.267   5.267   5.793   6.171
   7.071   7.142   7.142   8.455   8.455   9.003  11.514  15.461  16.148  16.148
  18.149  20.492
            0.000000  0.000000  0.054623
 -11.688 -11.039 -11.039 -10.922 -10.758 -10.733 -10.648 -10.579 -10.579 -10.570
  -9.378  -7.178  -7.178  -6.046   0.895   4.945   5.335   5.335   5.464   6.224
   6.931   6.931   6.985   8.439   8.439   8.937  11.837  15.573  16.425  16.425
  18.006  20.664
            0.000000  0.000000  0.062426
 -11.649 -11.098 -11.098 -10.893 -10.742 -10.732 -10.644 -10.587 -10.587 -10.570
  -9.317  -7.069  -7.069  -6.121   0.894   4.912   5.131   5.407   5.407   6.286
   6.717   6.717   6.888   8.417   8.417   8.861  12.162  15.676  16.719  16.719
  17.888  20.831
            0.000000  0.000000  0.070230
 -11.608 -11.158 -11.158 -10.871 -10.726 -10.725 -10.640 -10.595 -10.595 -10.571
  -9.246  -6.958  -6.958  -6.207   0.899   4.799   4.887   5.481   5.481   6.355
   6.508   6.508   6.781   8.388   8.388   8.777  12.483  15.763  17.023  17.023
  17.796  20.849
            0.000000  0.000000  0.078033
 -11.563 -11.217 -11.217 -10.862 -10.708 -10.707 -10.636 -10.604 -10.604 -10.572
  -9.163  -6.844  -6.844  -6.304   0.911   4.470   4.871   5.547   5.547   6.317
   6.317   6.431   6.666   8.353   8.353   8.685  12.796  15.828  17.331  17.331
  17.734  20.705
            0.000000  0.000000  0.085836
 -11.517 -11.273 -11.273 -10.865 -10.689 -10.683 -10.632 -10.612 -10.612 -10.573
  -9.068  -6.732  -6.732  -6.413   0.933   4.149   4.867   5.585   5.585   6.167
   6.167   6.515   6.543   8.312   8.312   8.586  13.098  15.867  17.638  17.638
  17.703  20.539
            0.000000  0.000000  0.093639
 -11.470 -11.326 -11.326 -10.876 -10.670 -10.655 -10.628 -10.620 -10.620 -10.574
  -8.962  -6.624  -6.624  -6.533   0.966   3.835   4.875   5.561   5.561   6.094
   6.094   6.415   6.605   8.265   8.265   8.481  13.387  15.878  17.704  17.939
  17.939  20.361
            0.000000  0.000000  0.101443
 -11.421 -11.375 -11.375 -10.893 -10.650 -10.628 -10.627 -10.627 -10.623 -10.576
  -8.844  -6.663  -6.522  -6.522   1.012   3.533   4.896   5.466   5.466   6.107
   6.107   6.283   6.701   8.215   8.215   8.370  13.660  15.861  17.738  18.228
  18.228  20.172
            0.000000  0.000000  0.109246
 -11.418 -11.418 -11.373 -10.914 -10.634 -10.634 -10.632 -10.619 -10.604 -10.578
  -8.715  -6.803  -6.428  -6.428   1.073   3.242   4.930   5.340   5.340   6.149
   6.168   6.168   6.803   8.161   8.161   8.254  13.917  15.816  17.802  18.503
  18.503  19.973
            0.000000  0.000000  0.117049
 -11.456 -11.456 -11.324 -10.939 -10.640 -10.640 -10.615 -10.613 -10.584 -10.580
  -8.575  -6.951  -6.344  -6.344   1.152   2.965   4.977   5.213   5.213   6.014
   6.246   6.246   6.910   8.106   8.106   8.134  14.157  15.747  17.897  18.759
  18.759  19.767
            0.000000  0.000000  0.124852
 -11.488 -11.488 -11.277 -10.966 -10.646 -10.646 -10.610 -10.597 -10.582 -10.569
  -8.427  -7.107  -6.273  -6.273   1.248   2.702   5.037   5.100   5.100   5.881
   6.325   6.325   7.022   8.011   8.052   8.052  14.380  15.655  18.020  18.993
  18.993  19.557
            0.000000  0.000000  0.132656
 -11.513 -11.513 -11.231 -10.997 -10.650 -10.650 -10.606 -10.585 -10.582 -10.558
  -8.271  -7.269  -6.215  -6.215   1.363   2.456   5.008   5.008   5.110   5.750
   6.398   6.398   7.139   7.886   8.004   8.004  14.587  15.545  18.166  19.201
  19.201  19.343
            0.000000  0.000000  0.140459
 -11.531 -11.531 -11.186 -11.030 -10.653 -10.653 -10.602 -10.588 -10.569 -10.552
  -8.109  -7.435  -6.173  -6.173   1.497   2.227   4.940   4.940   5.193   5.625
   6.455   6.455   7.259   7.759   7.964   7.964  14.780  15.419  18.333  19.130
  19.379  19.379
            0.000000  0.000000  0.148262
 -11.542 -11.542 -11.144 -11.065 -10.655 -10.655 -10.598 -10.591 -10.559 -10.550
  -7.943  -7.604  -6.148  -6.148   1.650   2.016   4.898   4.898   5.288   5.505
   6.493   6.493   7.381   7.632   7.938   7.938  14.959  15.278  18.517  18.919
  19.515  19.515
            0.000000  0.000000  0.156066
 -11.546 -11.546 -11.103 -11.103 -10.655 -10.655 -10.594 -10.594 -10.553 -10.553
  -7.774  -7.774  -6.139  -6.139   1.824   1.824   4.884   4.884   5.392   5.392
   6.506   6.506   7.506   7.506   7.929   7.929  15.125  15.125  18.714  18.714
  19.573  19.573
            0.000000  0.005279  0.156066
 -11.547 -11.547 -11.101 -11.101 -10.655 -10.655 -10.594 -10.594 -10.553 -10.553
  -7.776  -7.776  -6.138  -6.138   1.825   1.825   4.878   4.878   5.375   5.375
   6.526   6.526   7.509   7.509   7.929   7.929  15.126  15.126  18.698  18.698
  19.575  19.575
            0.000000  0.010557  0.156066
 -11.553 -11.553 -11.093 -11.093 -10.656 -10.656 -10.594 -10.594 -10.553 -10.553
  -7.781  -7.781  -6.133  -6.133   1.829   1.829   4.862   4.862   5.330   5.330
   6.585   6.585   7.518   7.518   7.930   7.930  15.129  15.129  18.652  18.652
  19.582  19.582
            0.000000  0.015836  0.156066
 -11.562 -11.562 -11.082 -11.082 -10.656 -10.656 -10.594 -10.594 -10.552 -10.552
  -7.789  -7.789  -6.127  -6.127   1.835   1.835   4.831   4.831   5.269   5.269
   6.670   6.670   7.532   7.532   7.932   7.932  15.134  15.134  18.582  18.582
  19.593  19.593
            0.000000  0.021114  0.156066
 -11.573 -11.573 -11.066 -11.066 -10.657 -10.657 -10.593 -10.593 -10.551 -10.551
  -7.801  -7.801  -6.118  -6.118   1.843   1.843   4.783   4.783   5.204   5.204
   6.772   6.772   7.550   7.550   7.935   7.935  15.142  15.142  18.494  18.494
  19.606  19.606
            0.000000  0.026393  0.156066
 -11.586 -11.586 -11.048 -11.048 -10.658 -10.658 -10.593 -10.593 -10.551 -10.551
  -7.815  -7.815  -6.107  -6.107   1.855   1.855   4.716   4.716   5.147   5.147
   6.883   6.883   7.573   7.573   7.941   7.941  15.151  15.151  18.392  18.392
  19.621  19.621
            0.000000  0.031672  0.156066
 -11.601 -11.601 -11.027 -11.027 -10.658 -10.658 -10.593 -10.593 -10.550 -10.550
  -7.832  -7.832  -6.095  -6.095   1.868   1.868   4.630   4.630   5.100   5.100
   6.995   6.995   7.599   7.599   7.951   7.951  15.163  15.163  18.281  18.281
  19.639  19.639
            0.000000  0.036950  0.156066
 -11.616 -11.616 -11.005 -11.005 -10.659 -10.659 -10.592 -10.592 -10.548 -10.548
  -7.851  -7.851  -6.081  -6.081   1.884   1.884   4.531   4.531   5.065   5.065
   7.102   7.102   7.629   7.629   7.967   7.967  15.176  15.176  18.164  18.164
  19.658  19.658
            0.000000  0.042229  0.156066
 -11.631 -11.631 -10.982 -10.982 -10.660 -10.660 -10.591 -10.591 -10.547 -10.547
  -7.871  -7.871  -6.066  -6.066   1.903   1.903   4.423   4.423   5.037   5.037
   7.200   7.200   7.664   7.664   7.991   7.991  15.191  15.191  18.043  18.043
  19.679  19.679
            0.000000  0.047507  0.156066
 -11.646 -11.646 -10.959 -10.959 -10.661 -10.661 -10.591 -10.591 -10.546 -10.546
  -7.892  -7.892  -6.050  -6.050   1.923   1.923   4.312   4.312   5.014   5.014
   7.281   7.281   7.705   7.705   8.021   8.021  15.208  15.208  17.922  17.922
  19.701  19.701
            0.000000  0.052786  0.156066
 -11.660 -11.660 -10.937 -10.937 -10.661 -10.661 -10.590 -10.590 -10.545 -10.545
  -7.913  -7.913  -6.035  -6.035   1.946   1.946   4.202   4.202   4.995   4.995
   7.342   7.342   7.754   7.754   8.061   8.061  15.226  15.226  17.801  17.801
  19.725  19.725
            0.000000  0.058065  0.156066
 -11.674 -11.674 -10.915 -10.915 -10.662 -10.662 -10.590 -10.590 -10.543 -10.543
  -7.934  -7.934  -6.020  -6.020   1.970   1.970   4.094   4.094   4.979   4.979
   7.384   7.384   7.809   7.809   8.108   8.108  15.246  15.246  17.683  17.683
  19.749  19.749
            0.000000  0.063343  0.156066
 -11.687 -11.687 -10.895 -10.895 -10.662 -10.662 -10.589 -10.589 -10.542 -10.542
  -7.954  -7.954  -6.005  -6.005   1.995   1.995   3.990   3.990   4.965   4.965
   7.409   7.409   7.865   7.865   8.161   8.161  15.266  15.266  17.569  17.569
  19.773  19.773
            0.000000  0.068622  0.156066
 -11.698 -11.698 -10.876 -10.876 -10.662 -10.662 -10.589 -10.589 -10.541 -10.541
  -7.973  -7.973  -5.992  -5.992   2.021   2.021   3.893   3.893   4.953   4.953
   7.422   7.422   7.919   7.919   8.219   8.219  15.287  15.287  17.461  17.461
  19.797  19.797
            0.000000  0.073901  0.156066
 -11.709 -11.709 -10.860 -10.860 -10.662 -10.662 -10.588 -10.588 -10.540 -10.540
  -7.991  -7.991  -5.979  -5.979   2.048   2.048   3.803   3.803   4.943   4.943
   7.428   7.428   7.967   7.967   8.277   8.277  15.309  15.309  17.361  17.361
  19.820  19.820
            0.000000  0.079179  0.156066
 -11.717 -11.717 -10.845 -10.845 -10.661 -10.661 -10.588 -10.588 -10.539 -10.539
  -8.007  -8.007  -5.968  -5.968   2.073   2.073   3.724   3.724   4.934   4.934
   7.429   7.429   8.008   8.008   8.332   8.332  15.329  15.329  17.272  17.272
  19.841  19.841
            0.000000  0.084458  0.156066
 -11.725 -11.725 -10.833 -10.833 -10.661 -10.661 -10.587 -10.587 -10.538 -10.538
  -8.020  -8.020  -5.959  -5.959   2.096   2.096   3.655   3.655   4.927   4.927
   7.428   7.428   8.041   8.041   8.382   8.382  15.348  15.348  17.194  17.194
  19.860  19.860
            0.000000  0.089736  0.156066
 -11.730 -11.730 -10.824 -10.824 -10.660 -10.660 -10.587 -10.587 -10.537 -10.537
  -8.031  -8.031  -5.951  -5.951   2.117   2.117   3.600   3.600   4.922   4.922
   7.426   7.426   8.068   8.068   8.423   8.423  15.364  15.364  17.131  17.131
  19.875  19.875
            0.000000  0.095015  0.156066
 -11.735 -11.735 -10.817 -10.817 -10.660 -10.660 -10.587 -10.587 -10.536 -10.536
  -8.039  -8.039  -5.946  -5.946   2.132   2.132   3.558   3.558   4.918   4.918
   7.424   7.424   8.087   8.087   8.454   8.454  15.377  15.377  17.084  17.084
  19.886  19.886
            0.000000  0.100294  0.156066
 -11.737 -11.737 -10.813 -10.813 -10.659 -10.659 -10.587 -10.587 -10.536 -10.536
  -8.044  -8.044  -5.943  -5.943   2.142   2.142   3.533   3.533   4.916   4.916
   7.423   7.423   8.098   8.098   8.472   8.472  15.385  15.385  17.056  17.056
  19.893  19.893
            0.000000  0.105572  0.156066
 -11.738 -11.738 -10.812 -10.812 -10.659 -10.659 -10.587 -10.587 -10.536 -10.536
  -8.045  -8.045  -5.942  -5.942   2.145   2.145   3.524   3.524   4.915   4.915
   7.422   7.422   8.102   8.102   8.479   8.479  15.388  15.388  17.046  17.046
  19.896  19.896
            0.005279  0.105572  0.156066
 -11.737 -11.737 -10.814 -10.814 -10.659 -10.659 -10.587 -10.587 -10.536 -10.536
  -8.043  -8.043  -5.943  -5.943   2.131   2.131   3.541   3.541   4.913   4.913
   7.427   7.427   8.103   8.103   8.475   8.475  15.370  15.370  17.060  17.060
  19.894  19.894
            0.010557  0.105572  0.156066
 -11.735 -11.735 -10.818 -10.818 -10.660 -10.660 -10.587 -10.587 -10.536 -10.536
  -8.035  -8.035  -5.947  -5.947   2.091   2.091   3.589   3.589   4.908   4.908
   7.442   7.442   8.107   8.107   8.463   8.463  15.318  15.318  17.102  17.102
  19.890  19.890
            0.015836  0.105572  0.156066
 -11.731 -11.731 -10.826 -10.826 -10.660 -10.660 -10.587 -10.587 -10.537 -10.537
  -8.022  -8.022  -5.954  -5.954   2.029   2.029   3.661   3.661   4.901   4.901
   7.465   7.465   8.114   8.114   8.443   8.443  15.239  15.239  17.163  17.163
  19.884  19.884
            0.021114  0.105572  0.156066
 -11.726 -11.726 -10.836 -10.836 -10.661 -10.661 -10.587 -10.587 -10.537 -10.537
  -8.004  -8.004  -5.963  -5.963   1.954   1.954   3.749   3.749   4.895   4.895
   7.495   7.495   8.123   8.123   8.416   8.416  15.139  15.139  17.238  17.238
  19.875  19.875
            0.026393  0.105572  0.156066
 -11.719 -11.719 -10.850 -10.850 -10.662 -10.662 -10.587 -10.587 -10.538 -10.538
  -7.982  -7.982  -5.975  -5.975   1.870   1.870   3.845   3.845   4.894   4.894
   7.531   7.531   8.135   8.135   8.383   8.383  15.026  15.026  17.319  17.319
  19.864  19.864
            0.031672  0.105572  0.156066
 -11.711 -11.711 -10.865 -10.865 -10.662 -10.662 -10.587 -10.587 -10.538 -10.538
  -7.956  -7.956  -5.990  -5.990   1.781   1.781   3.940   3.940   4.903   4.903
   7.570   7.570   8.149   8.149   8.343   8.343  14.905  14.905  17.402  17.402
  19.853  19.853
            0.036950  0.105572  0.156066
 -11.701 -11.701 -10.884 -10.884 -10.662 -10.662 -10.587 -10.587 -10.539 -10.539
  -7.927  -7.927  -6.006  -6.006   1.692   1.692   4.026   4.026   4.928   4.928
   7.608   7.608   8.165   8.165   8.298   8.298  14.780  14.780  17.481  17.481
  19.840  19.840
            0.042229  0.105572  0.156066
 -11.691 -11.691 -10.904 -10.904 -10.663 -10.663 -10.587 -10.587 -10.540 -10.540
  -7.894  -7.894  -6.025  -6.025   1.604   1.604   4.093   4.093   4.977   4.977
   7.643   7.643   8.183   8.183   8.252   8.252  14.656  14.656  17.555  17.555
  19.828  19.828
            0.047507  0.105572  0.156066
 -11.679 -11.679 -10.926 -10.926 -10.662 -10.662 -10.587 -10.587 -10.540 -10.540
  -7.860  -7.860  -6.045  -6.045   1.520   1.520   4.139   4.139   5.053   5.053
   7.669   7.669   8.195   8.195   8.213   8.213  14.534  14.534  17.620  17.620
  19.818  19.818
            0.052786  0.105572  0.156066
 -11.666 -11.666 -10.949 -10.949 -10.662 -10.662 -10.587 -10.587 -10.541 -10.541
  -7.824  -7.824  -6.066  -6.066   1.440   1.440   4.163   4.163   5.154   5.154
   7.678   7.678   8.166   8.166   8.225   8.225  14.418  14.418  17.677  17.677
  19.810  19.810
            0.058065  0.105572  0.156066
 -11.653 -11.653 -10.973 -10.973 -10.662 -10.662 -10.587 -10.587 -10.542 -10.542
  -7.787  -7.787  -6.088  -6.088   1.366   1.366   4.169   4.169   5.277   5.277
   7.663   7.663   8.143   8.143   8.246   8.246  14.308  14.308  17.724  17.724
  19.805  19.805
            0.063343  0.105572  0.156066
 -11.639 -11.639 -10.997 -10.997 -10.661 -10.661 -10.587 -10.587 -10.543 -10.543
  -7.751  -7.751  -6.111  -6.111   1.298   1.298   4.165   4.165   5.416   5.416
   7.620   7.620   8.136   8.136   8.267   8.267  14.207  14.207  17.762  17.762
  19.803  19.803
            0.068622  0.105572  0.156066
 -11.625 -11.625 -11.020 -11.020 -10.661 -10.661 -10.587 -10.587 -10.544 -10.544
  -7.715  -7.715  -6.134  -6.134   1.236   1.236   4.153   4.153   5.564   5.564
   7.551   7.551   8.143   8.143   8.288   8.288  14.115  14.115  17.792  17.792
  19.806  19.806
            0.073901  0.105572  0.156066
 -11.611 -11.611 -11.043 -11.043 -10.660 -10.660 -10.587 -10.587 -10.544 -10.544
  -7.682  -7.682  -6.155  -6.155   1.183   1.183   4.138   4.138   5.719   5.719
   7.462   7.462   8.159   8.159   8.308   8.308  14.034  14.034  17.814  17.814
  19.813  19.813
            0.079179  0.105572  0.156066
 -11.597 -11.597 -11.064 -11.064 -10.660 -10.660 -10.587 -10.587 -10.545 -10.545
  -7.651  -7.651  -6.175  -6.175   1.136   1.136   4.122   4.122   5.878   5.878
   7.358   7.358   8.177   8.177   8.327   8.327  13.964  13.964  17.829  17.829
  19.825  19.825
            0.084458  0.105572  0.156066
 -11.585 -11.585 -11.083 -11.083 -10.659 -10.659 -10.587 -10.587 -10.545 -10.545
  -7.624  -7.624  -6.193  -6.193   1.098   1.098   4.108   4.108   6.038   6.038
   7.241   7.241   8.195   8.195   8.343   8.343  13.907  13.907  17.840  17.840
  19.840  19.840
            0.089736  0.105572  0.156066
 -11.575 -11.575 -11.099 -11.099 -10.659 -10.659 -10.587 -10.587 -10.546 -10.546
  -7.603  -7.603  -6.208  -6.208   1.068   1.068   4.095   4.095   6.197   6.197
   7.116   7.116   8.211   8.211   8.356   8.356  13.861  13.861  17.846  17.846
  19.857  19.857
            0.095015  0.105572  0.156066
 -11.567 -11.567 -11.110 -11.110 -10.658 -10.658 -10.587 -10.587 -10.546 -10.546
  -7.586  -7.586  -6.219  -6.219   1.047   1.047   4.086   4.086   6.352   6.352
   6.985   6.985   8.223   8.223   8.365   8.365  13.829  13.829  17.850  17.850
  19.874  19.874
            0.100294  0.105572  0.156066
 -11.562 -11.562 -11.118 -11.118 -10.658 -10.658 -10.587 -10.587 -10.546 -10.546
  -7.576  -7.576  -6.226  -6.226   1.034   1.034   4.080   4.080   6.496   6.496
   6.855   6.855   8.231   8.231   8.371   8.371  13.809  13.809  17.852  17.852
  19.888  19.888
            0.105572  0.105572  0.156066
 -11.560 -11.560 -11.120 -11.120 -10.658 -10.658 -10.587 -10.587 -10.546 -10.546
  -7.573  -7.573  -6.229  -6.229   1.030   1.030   4.078   4.078   6.581   6.581
   6.775   6.775   8.233   8.233   8.373   8.373  13.803  13.803  17.853  17.853
  19.894  19.894
            0.100294  0.100294  0.156066
 -11.567 -11.560 -11.120 -11.111 -10.658 -10.658 -10.587 -10.587 -10.546 -10.546
  -7.585  -7.574  -6.228  -6.220   1.034   1.043   4.082   4.082   6.354   6.580
   6.771   6.988   8.227   8.229   8.368   8.371  13.814  13.818  17.838  17.865
  19.872  19.895
            0.095015  0.095015  0.156066
 -11.586 -11.559 -11.120 -11.083 -10.659 -10.659 -10.587 -10.587 -10.546 -10.546
  -7.620  -7.578  -6.226  -6.195   1.045   1.083   4.093   4.094   6.043   6.578
   6.757   7.257   8.208   8.218   8.351   8.364  13.847  13.863  17.794  17.903
  19.820  19.898
            0.089736  0.089736  0.156066
 -11.611 -11.559 -11.120 -11.044 -10.660 -10.659 -10.588 -10.587 -10.546 -10.545
  -7.672  -7.584  -6.224  -6.159   1.065   1.148   4.113   4.114   5.726   6.574
   6.734   7.504   8.179   8.199   8.323   8.352  13.900  13.939  17.724  17.965
  19.756  19.902
            0.084458  0.084458  0.156066
 -11.640 -11.558 -11.119 -10.998 -10.661 -10.659 -10.588 -10.586 -10.546 -10.543
  -7.737  -7.592  -6.220  -6.116   1.092   1.238   4.140   4.141   5.408   6.570
   6.702   7.722   8.142   8.174   8.286   8.336  13.972  14.045  17.632  18.050
  19.687  19.906
            0.079179  0.079179  0.156066
 -11.667 -11.558 -11.119 -10.950 -10.662 -10.660 -10.588 -10.586 -10.545 -10.542
  -7.806  -7.603  -6.216  -6.071   1.126   1.351   4.173   4.174   5.098   6.564
   6.660   7.903   8.099   8.143   8.241   8.314  14.059  14.181  17.523  18.156
  19.616  19.909
            0.073901  0.073901  0.156066
 -11.692 -11.557 -11.118 -10.904 -10.663 -10.660 -10.589 -10.586 -10.545 -10.541
  -7.874  -7.615  -6.210  -6.029   1.166   1.484   4.213   4.214   4.800   6.557
   6.607   8.044   8.054   8.107   8.188   8.289  14.157  14.346  17.402  18.280
  19.543  19.908
            0.068622  0.068622  0.156066
 -11.712 -11.556 -11.117 -10.864 -10.664 -10.661 -10.589 -10.586 -10.545 -10.540
  -7.936  -7.629  -6.204  -5.993   1.213   1.632   4.256   4.260   4.521   6.544
   6.550   8.011   8.065   8.129   8.142   8.259  14.263  14.533  17.277  18.420
  19.469  19.904
            0.063343  0.063343  0.156066
 -11.727 -11.555 -11.116 -10.832 -10.665 -10.661 -10.589 -10.586 -10.544 -10.539
  -7.987  -7.644  -6.198  -5.965   1.265   1.790   4.267   4.303   4.312   6.470
   6.543   7.970   8.020   8.065   8.196   8.226  14.373  14.737  17.157  18.573
  19.394  19.893
            0.058065  0.058065  0.156066
 -11.735 -11.554 -11.115 -10.811 -10.665 -10.661 -10.590 -10.586 -10.544 -10.539
  -8.025  -7.659  -6.191  -5.947   1.322   1.947   4.052   4.353   4.369   6.386
   6.536   7.937   7.971   7.999   8.191   8.205  14.483  14.943  17.055  18.735
  19.320  19.876
            0.052786  0.052786  0.156066
 -11.738 -11.553 -11.114 -10.803 -10.665 -10.661 -10.591 -10.586 -10.545 -10.539
  -8.046  -7.675  -6.184  -5.938   1.382   2.087   3.890   4.405   4.429   6.293
   6.529   7.910   7.919   7.932   8.155   8.172  14.591  15.132  16.990  18.902
  19.244  19.852
            0.047507  0.047507  0.156066
 -11.734 -11.552 -11.112 -10.806 -10.665 -10.661 -10.591 -10.587 -10.546 -10.539
  -8.051  -7.691  -6.177  -5.940   1.444   2.188   3.805   4.457   4.491   6.192
   6.523   7.864   7.865   7.893   8.097   8.118  14.692  15.281  16.986  19.070
  19.169  19.822
            0.042229  0.042229  0.156066
 -11.723 -11.551 -11.111 -10.823 -10.664 -10.660 -10.592 -10.588 -10.548 -10.541
  -8.039  -7.706  -6.170  -5.951   1.506   2.229   3.815   4.511   4.555   6.085
   6.518   7.800   7.808   7.883   7.984   8.083  14.785  15.367  17.063  19.093
  19.235  19.787
            0.036950  0.036950  0.156066
 -11.707 -11.550 -11.109 -10.851 -10.663 -10.660 -10.592 -10.589 -10.549 -10.542
  -8.013  -7.720  -6.164  -5.970   1.568   2.210   3.922   4.566   4.617   5.974
   6.514   7.739   7.752   7.836   7.881   8.050  14.868  15.389  17.221  19.019
  19.393  19.749
            0.031672  0.031672  0.156066
 -11.685 -11.549 -11.108 -10.889 -10.662 -10.659 -10.593 -10.590 -10.550 -10.544
  -7.975  -7.733  -6.158  -5.997   1.627   2.149   4.103   4.621   4.678   5.861
   6.511   7.658   7.682   7.697   7.885   8.020  14.939  15.363  17.442  18.948
  19.537  19.710
            0.026393  0.026393  0.156066
 -11.659 -11.548 -11.107 -10.933 -10.661 -10.658 -10.593 -10.591 -10.551 -10.546
  -7.931  -7.745  -6.152  -6.027   1.682   2.070   4.333   4.676   4.734   5.751
   6.508   7.454   7.632   7.646   7.893   7.993  14.998  15.313  17.699  18.882
  19.666  19.673
            0.021114  0.021114  0.156066
 -11.630 -11.547 -11.106 -10.980 -10.659 -10.657 -10.593 -10.592 -10.552 -10.548
  -7.885  -7.755  -6.148  -6.060   1.730   1.990   4.590   4.732   4.784   5.646
   6.507   7.231   7.588   7.599   7.903   7.971  15.045  15.255  17.969  18.825
  19.640  19.667
            0.015836  0.015836  0.156066
 -11.600 -11.546 -11.105 -11.026 -10.658 -10.656 -10.594 -10.593 -10.552 -10.550
  -7.841  -7.763  -6.144  -6.091   1.769   1.921   4.785   4.826   4.855   5.550
   6.506   6.997   7.553   7.560   7.913   7.953  15.081  15.202  18.233  18.777
  19.612  19.626
            0.010557  0.010557  0.156066
 -11.573 -11.546 -11.104 -11.065 -10.656 -10.656 -10.594 -10.594 -10.553 -10.552
  -7.806  -7.769  -6.141  -6.116   1.799   1.868   4.834   4.858   5.106   5.469
   6.506   6.770   7.527   7.531   7.921   7.940  15.105  15.160  18.470  18.742
  19.590  19.596
            0.005279  0.005279  0.156066
 -11.553 -11.546 -11.104 -11.093 -10.655 -10.655 -10.594 -10.594 -10.553 -10.553
  -7.782  -7.773  -6.139  -6.133   1.817   1.835   4.870   4.877   5.308   5.413
   6.506   6.584   7.512   7.513   7.927   7.932  15.120  15.134  18.645  18.721
  19.577  19.579
            0.000000  0.000000  0.156066
 -11.546 -11.546 -11.103 -11.103 -10.655 -10.655 -10.594 -10.594 -10.553 -10.553
  -7.774  -7.774  -6.139  -6.139   1.824   1.824   4.884   4.884   5.392   5.392
   6.506   6.506   7.506   7.506   7.929   7.929  15.125  15.125  18.714  18.714
  19.573  19.573
            0.000000  0.005279  0.148262
 -11.544 -11.544 -11.141 -11.063 -10.655 -10.655 -10.598 -10.591 -10.559 -10.550
  -7.944  -7.606  -6.146  -6.146   1.652   2.017   4.890   4.894   5.276   5.484
   6.512   6.516   7.385   7.635   7.938   7.939  14.960  15.279  18.505  18.897
  19.517  19.524
            0.000000  0.010557  0.140459
 -11.540 -11.538 -11.174 -11.021 -10.653 -10.653 -10.602 -10.587 -10.569 -10.552
  -8.112  -7.448  -6.168  -6.166   1.506   2.228   4.888   4.928   5.174   5.527
   6.526   6.552   7.274   7.768   7.962   7.969  14.786  15.421  18.295  19.004
  19.385  19.454
            0.000000  0.015836  0.132656
 -11.534 -11.528 -11.202 -10.979 -10.651 -10.650 -10.605 -10.585 -10.580 -10.557
  -8.274  -7.307  -6.204  -6.194   1.387   2.452   4.822   4.989   5.153   5.514
   6.541   6.620   7.177   7.903   7.996   8.019  14.604  15.546  18.102  18.953
  19.215  19.476
            0.000000  0.021114  0.124852
 -11.529 -11.513 -11.222 -10.938 -10.649 -10.647 -10.608 -10.594 -10.582 -10.568
  -8.425  -7.194  -6.251  -6.221   1.297   2.685   4.700   5.077   5.213   5.447
   6.555   6.712   7.098   8.036   8.038   8.083  14.414  15.652  17.936  18.786
  19.015  19.562
            0.000000  0.026393  0.117049
 -11.527 -11.494 -11.231 -10.901 -10.647 -10.642 -10.612 -10.606 -10.584 -10.580
  -8.563  -7.123  -6.307  -6.238   1.238   2.923   4.568   5.189   5.312   5.340
   6.565   6.820   7.042   8.080   8.153   8.172  14.218  15.733  17.809  18.573
  18.791  19.652
            0.000000  0.031672  0.109246
 -11.528 -11.470 -11.230 -10.868 -10.649 -10.639 -10.621 -10.611 -10.602 -10.578
  -8.685  -7.107  -6.370  -6.231   1.208   3.160   4.446   5.192   5.340   5.433
   6.571   6.934   7.012   8.125   8.221   8.301  14.016  15.783  17.728  18.341
  18.546  19.727
            0.000000  0.036950  0.101443
 -11.533 -11.442 -11.218 -10.843 -10.658 -10.643 -10.625 -10.616 -10.612 -10.577
  -8.788  -7.147  -6.437  -6.202   1.207   3.392   4.344   5.039   5.502   5.565
   6.574   7.008   7.050   8.169   8.277   8.421  13.815  15.796  17.697  18.101
  18.285  19.784
            0.000000  0.042229  0.093639
 -11.541 -11.411 -11.195 -10.828 -10.673 -10.663 -10.627 -10.614 -10.609 -10.576
  -8.872  -7.232  -6.505  -6.159   1.233   3.613   4.269   4.876   5.685   5.701
   6.580   7.028   7.164   8.211   8.314   8.526  13.618  15.767  17.718  17.864
  18.017  19.820
            0.000000  0.047507  0.085836
 -11.551 -11.378 -11.165 -10.829 -10.689 -10.683 -10.628 -10.608 -10.604 -10.576
  -8.935  -7.349  -6.571  -6.117   1.281   3.810   4.225   4.724   5.835   5.884
   6.594   7.068   7.276   8.252   8.326   8.611  13.435  15.691  17.636  17.729
  17.807  19.831
            0.000000  0.052786  0.078033
 -11.560 -11.344 -11.130 -10.847 -10.704 -10.696 -10.628 -10.600 -10.598 -10.576
  -8.980  -7.486  -6.631  -6.083   1.350   3.948   4.218   4.618   5.958   6.091
   6.620   7.128   7.383   8.290   8.307   8.673  13.271  15.568  17.419  17.470
  17.920  19.819
            0.000000  0.058065  0.070230
 -11.568 -11.311 -11.090 -10.877 -10.718 -10.703 -10.628 -10.594 -10.592 -10.576
  -9.007  -7.634  -6.683  -6.065   1.435   3.964   4.249   4.628   6.065   6.301
   6.657   7.207   7.483   8.253   8.327   8.708  13.135  15.400  17.212  17.214
  18.089  19.791
            0.000000  0.063343  0.062426
 -11.574 -11.285 -11.049 -10.909 -10.731 -10.706 -10.628 -10.590 -10.585 -10.575
  -9.019  -7.787  -6.724  -6.064   1.532   3.858   4.322   4.754   6.155   6.504
   6.701   7.304   7.574   8.161   8.361   8.720  13.030  15.196  16.968  17.018
  18.297  19.762
            0.000000  0.068622  0.054623
 -11.577 -11.271 -11.007 -10.931 -10.741 -10.711 -10.628 -10.589 -10.579 -10.572
  -9.020  -7.941  -6.753  -6.082   1.638   3.700   4.435   4.929   6.227   6.693
   6.748   7.415   7.654   8.033   8.394   8.712  12.962  14.968  16.744  16.829
  18.538  19.744
            0.000000  0.073901  0.046820
 -11.576 -11.276 -10.966 -10.936 -10.749 -10.717 -10.626 -10.590 -10.572 -10.568
  -9.011  -8.092  -6.765  -6.116   1.750   3.525   4.589   5.117   6.283   6.793
   6.853   7.534   7.715   7.880   8.425   8.690  12.929  14.725  16.542  16.647
  18.800  19.744
            0.000000  0.079179  0.039016
 -11.572 -11.298 -10.928 -10.923 -10.755 -10.725 -10.625 -10.593 -10.567 -10.564
  -8.995  -8.237  -6.762  -6.165   1.867   3.347   4.779   5.306   6.321   6.840
   6.966   7.652   7.659   7.813   8.454   8.663  12.931  14.478  16.367  16.477
  19.073  19.764
            0.000000  0.084458  0.031213
 -11.563 -11.331 -10.898 -10.893 -10.760 -10.736 -10.623 -10.596 -10.562 -10.560
  -8.971  -8.371  -6.742  -6.227   1.988   3.171   5.002   5.489   6.335   6.893
   6.994   7.500   7.760   7.854   8.482   8.637  12.967  14.235  16.222  16.323
  19.342  19.802
            0.000000  0.089736  0.023410
 -11.549 -11.370 -10.869 -10.863 -10.764 -10.747 -10.620 -10.599 -10.558 -10.557
  -8.938  -8.494  -6.707  -6.297   2.114   3.000   5.251   5.662   6.322   6.889
   6.957   7.391   7.851   7.899   8.509   8.615  13.034  14.001  16.109  16.191
  19.585  19.852
            0.000000  0.095015  0.015607
 -11.530 -11.409 -10.840 -10.837 -10.769 -10.760 -10.617 -10.603 -10.555 -10.555
  -8.897  -8.604  -6.657  -6.373   2.245   2.835   5.520   5.819   6.280   6.673
   7.030   7.327   7.919   7.939   8.533   8.598  13.131  13.783  16.030  16.088
  19.778  19.903
            0.000000  0.100294  0.007803
 -11.507 -11.446 -10.817 -10.816 -10.776 -10.774 -10.614 -10.606 -10.554 -10.554
  -8.844  -8.699  -6.596  -6.450   2.383   2.677   5.798   5.956   6.213   6.411
   7.111   7.264   7.960   7.967   8.554   8.585  13.256  13.584  15.988  16.018
  19.900  19.942
            0.000000  0.105572  0.000000
 -11.478 -11.478 -10.805 -10.805 -10.782 -10.782 -10.610 -10.610 -10.553 -10.553
  -8.779  -8.779  -6.526  -6.526   2.527   2.527   6.018   6.018   6.185   6.185
   7.191   7.191   7.976   7.976   8.571   8.571  13.408  13.408  15.984  15.984
  19.949  19.949
            0.000000  0.105572  0.007803
 -11.477 -11.477 -10.817 -10.817 -10.775 -10.775 -10.610 -10.610 -10.554 -10.554
  -8.773  -8.773  -6.522  -6.522   2.528   2.528   5.876   5.876   6.310   6.310
   7.190   7.190   7.964   7.964   8.568   8.568  13.424  13.424  16.009  16.009
  19.917  19.917
            0.000000  0.105572  0.015607
 -11.471 -11.471 -10.839 -10.839 -10.764 -10.764 -10.610 -10.610 -10.556 -10.556
  -8.755  -8.755  -6.511  -6.511   2.532   2.532   5.664   5.664   6.471   6.471
   7.188   7.188   7.931   7.931   8.560   8.560  13.471  13.471  16.081  16.081
  19.826  19.826
            0.000000  0.105572  0.023410
 -11.462 -11.462 -10.866 -10.866 -10.755 -10.755 -10.609 -10.609 -10.558 -10.558
  -8.726  -8.726  -6.494  -6.494   2.538   2.538   5.441   5.441   6.598   6.598
   7.195   7.195   7.885   7.885   8.547   8.547  13.546  13.546  16.198  16.198
  19.689  19.689
            0.000000  0.105572  0.031213
 -11.452 -11.452 -10.896 -10.896 -10.747 -10.747 -10.609 -10.609 -10.562 -10.562
  -8.688  -8.688  -6.469  -6.469   2.546   2.546   5.215   5.215   6.665   6.665
   7.225   7.225   7.833   7.833   8.528   8.528  13.647  13.647  16.356  16.356
  19.520  19.520
            0.000000  0.105572  0.039016
 -11.443 -11.443 -10.926 -10.926 -10.739 -10.739 -10.608 -10.608 -10.566 -10.566
  -8.642  -8.642  -6.439  -6.439   2.554   2.554   4.990   4.990   6.654   6.654
   7.288   7.288   7.788   7.788   8.506   8.506  13.769  13.769  16.548  16.548
  19.331  19.331
            0.000000  0.105572  0.046820
 -11.438 -11.438 -10.951 -10.951 -10.731 -10.731 -10.608 -10.608 -10.571 -10.571
  -8.592  -8.592  -6.403  -6.403   2.561   2.561   4.770   4.770   6.576   6.576
   7.374   7.374   7.758   7.758   8.479   8.479  13.906  13.906  16.767  16.767
  19.132  19.132
            0.000000  0.105572  0.054623
 -11.439 -11.439 -10.969 -10.969 -10.723 -10.723 -10.607 -10.607 -10.575 -10.575
  -8.537  -8.537  -6.363  -6.363   2.564   2.564   4.561   4.561   6.451   6.451
   7.457   7.457   7.750   7.750   8.450   8.450  14.055  14.055  17.005  17.005
  18.932  18.932
            0.000000  0.105572  0.062426
 -11.449 -11.449 -10.976 -10.976 -10.715 -10.715 -10.607 -10.607 -10.580 -10.580
  -8.481  -8.481  -6.320  -6.320   2.562   2.562   4.367   4.367   6.297   6.297
   7.517   7.517   7.773   7.773   8.420   8.420  14.209  14.209  17.251  17.251
  18.741  18.741
            0.000000  0.105572  0.070230
 -11.469 -11.469 -10.972 -10.972 -10.706 -10.706 -10.608 -10.608 -10.583 -10.583
  -8.425  -8.425  -6.274  -6.274   2.552   2.552   4.192   4.192   6.126   6.126
   7.547   7.547   7.825   7.825   8.391   8.391  14.365  14.365  17.488  17.488
  18.573  18.573
            0.000000  0.105572  0.078033
 -11.497 -11.497 -10.957 -10.957 -10.696 -10.696 -10.609 -10.609 -10.586 -10.586
  -8.369  -8.369  -6.227  -6.227   2.531   2.531   4.040   4.040   5.948   5.948
   7.557   7.557   7.891   7.891   8.365   8.365  14.519  14.519  17.681  17.681
  18.461  18.461
            0.000000  0.105572  0.085836
 -11.530 -11.530 -10.937 -10.937 -10.686 -10.686 -10.610 -10.610 -10.587 -10.587
  -8.315  -8.315  -6.181  -6.181   2.499   2.499   3.913   3.913   5.772   5.772
   7.554   7.554   7.957   7.957   8.346   8.346  14.667  14.667  17.759  17.759
  18.472  18.472
            0.000000  0.105572  0.093639
 -11.565 -11.565 -10.913 -10.913 -10.676 -10.676 -10.610 -10.610 -10.587 -10.587
  -8.264  -8.264  -6.136  -6.136   2.456   2.456   3.810   3.810   5.602   5.602
   7.545   7.545   8.012   8.012   8.337   8.337  14.806  14.806  17.707  17.707
  18.621  18.621
            0.000000  0.105572  0.101443
 -11.600 -11.600 -10.889 -10.889 -10.667 -10.667 -10.608 -10.608 -10.586 -10.586
  -8.217  -8.217  -6.094  -6.094   2.405   2.405   3.731   3.731   5.446   5.446
   7.530   7.530   8.053   8.053   8.342   8.342  14.933  14.933  17.595  17.595
  18.833  18.833
            0.000000  0.105572  0.109246
 -11.634 -11.634 -10.868 -10.868 -10.661 -10.661 -10.601 -10.601 -10.584 -10.584
  -8.174  -8.174  -6.055  -6.055   2.350   2.350   3.670   3.670   5.305   5.305
   7.512   7.512   8.077   8.077   8.360   8.360  15.047  15.047  17.471  17.471
  19.057  19.057
            0.000000  0.105572  0.117049
 -11.664 -11.664 -10.850 -10.850 -10.659 -10.659 -10.594 -10.594 -10.579 -10.579
  -8.137  -8.137  -6.022  -6.022   2.295   2.295   3.623   3.623   5.185   5.185
   7.491   7.491   8.090   8.090   8.387   8.387  15.147  15.147  17.354  17.354
  19.274  19.274
            0.000000  0.105572  0.124852
 -11.690 -11.690 -10.835 -10.835 -10.658 -10.658 -10.590 -10.590 -10.568 -10.568
  -8.105  -8.105  -5.993  -5.993   2.244   2.244   3.588   3.588   5.087   5.087
   7.470   7.470   8.096   8.096   8.416   8.416  15.231  15.231  17.249  17.249
  19.472  19.472
            0.000000  0.105572  0.132656
 -11.710 -11.710 -10.825 -10.825 -10.658 -10.658 -10.588 -10.588 -10.556 -10.556
  -8.079  -8.079  -5.971  -5.971   2.203   2.203   3.560   3.560   5.011   5.011
   7.451   7.451   8.099   8.099   8.442   8.442  15.298  15.298  17.163  17.163
  19.643  19.643
            0.000000  0.105572  0.140459
 -11.726 -11.726 -10.817 -10.817 -10.659 -10.659 -10.587 -10.587 -10.546 -10.546
  -8.061  -8.061  -5.955  -5.955   2.171   2.171   3.541   3.541   4.957   4.957
   7.436   7.436   8.101   8.101   8.462   8.462  15.348  15.348  17.099  17.099
  19.778  19.778
            0.000000  0.105572  0.148262
 -11.735 -11.735 -10.813 -10.813 -10.659 -10.659 -10.587 -10.587 -10.538 -10.538
  -8.049  -8.049  -5.945  -5.945   2.152   2.152   3.529   3.529   4.926   4.926
   7.426   7.426   8.101   8.101   8.474   8.474  15.378  15.378  17.059  17.059
  19.865  19.865
            0.000000  0.105572  0.156066
 -11.738 -11.738 -10.812 -10.812 -10.659 -10.659 -10.587 -10.587 -10.536 -10.536
  -8.045  -8.045  -5.942  -5.942   2.145   2.145   3.524   3.524   4.915   4.915
   7.422   7.422   8.102   8.102   8.479   8.479  15.388  15.388  17.046  17.046
  19.896  19.896
            0.005279  0.105572  0.148262
 -11.734 -11.734 -10.815 -10.815 -10.659 -10.659 -10.587 -10.587 -10.539 -10.539
  -8.047  -8.047  -5.946  -5.946   2.138   2.138   3.545   3.545   4.924   4.924
   7.431   7.431   8.103   8.103   8.471   8.471  15.360  15.360  17.074  17.074
  19.864  19.864
            0.010557  0.105572  0.140459
 -11.722 -11.722 -10.824 -10.824 -10.659 -10.659 -10.587 -10.587 -10.546 -10.546
  -8.050  -8.050  -5.961  -5.961   2.118   2.118   3.606   3.606   4.949   4.949
   7.455   7.455   8.106   8.106   8.447   8.447  15.283  15.283  17.150  17.150
  19.774  19.774
            0.015836  0.105572  0.132656
 -11.704 -11.704 -10.839 -10.839 -10.659 -10.659 -10.588 -10.588 -10.557 -10.557
  -8.055  -8.055  -5.985  -5.985   2.092   2.092   3.699   3.699   4.990   4.990
   7.492   7.492   8.107   8.107   8.411   8.411  15.170  15.170  17.262  17.262
  19.637  19.637
            0.021114  0.105572  0.124852
 -11.678 -11.678 -10.861 -10.861 -10.658 -10.658 -10.590 -10.590 -10.569 -10.569
  -8.062  -8.062  -6.021  -6.021   2.070   2.070   3.818   3.818   5.045   5.045
   7.538   7.538   8.102   8.102   8.371   8.371  15.038  15.038  17.394  17.394
  19.468  19.468
            0.026393  0.105572  0.117049
 -11.645 -11.645 -10.889 -10.889 -10.657 -10.657 -10.593 -10.593 -10.581 -10.581
  -8.069  -8.069  -6.070  -6.070   2.059   2.059   3.956   3.956   5.113   5.113
   7.586   7.586   8.076   8.076   8.343   8.343  14.897  14.897  17.533  17.533
  19.279  19.279
            0.031672  0.105572  0.109246
 -11.607 -11.607 -10.924 -10.924 -10.657 -10.657 -10.602 -10.602 -10.587 -10.587
  -8.076  -8.076  -6.131  -6.131   2.065   2.065   4.109   4.109   5.192   5.192
   7.629   7.629   8.020   8.020   8.341   8.341  14.755  14.755  17.669  17.669
  19.084  19.084
            0.036950  0.105572  0.101443
 -11.565 -11.565 -10.962 -10.962 -10.660 -10.660 -10.610 -10.610 -10.589 -10.589
  -8.083  -8.083  -6.207  -6.207   2.093   2.093   4.270   4.270   5.283   5.283
   7.648   7.648   7.950   7.950   8.363   8.363  14.619  14.619  17.785  17.785
  18.901  18.901
            0.042229  0.105572  0.093639
 -11.521 -11.521 -11.002 -11.002 -10.668 -10.668 -10.614 -10.614 -10.590 -10.590
  -8.087  -8.087  -6.296  -6.296   2.143   2.143   4.437   4.437   5.385   5.385
   7.613   7.613   7.903   7.903   8.397   8.397  14.491  14.491  17.855  17.855
  18.762  18.762
            0.047507  0.105572  0.085836
 -11.478 -11.478 -11.038 -11.038 -10.680 -10.680 -10.612 -10.612 -10.591 -10.591
  -8.089  -8.089  -6.399  -6.399   2.218   2.218   4.603   4.603   5.499   5.499
   7.510   7.510   7.901   7.901   8.432   8.432  14.375  14.375  17.837  17.837
  18.714  18.714
            0.052786  0.105572  0.078033
 -11.443 -11.443 -11.064 -11.064 -10.693 -10.693 -10.609 -10.609 -10.591 -10.591
  -8.088  -8.088  -6.512  -6.512   2.317   2.317   4.763   4.763   5.625   5.625
   7.366   7.366   7.922   7.922   8.462   8.462  14.270  14.270  17.724  17.724
  18.772  18.772
            0.058065  0.105572  0.070230
 -11.422 -11.422 -11.073 -11.073 -10.708 -10.708 -10.605 -10.605 -10.589 -10.589
  -8.084  -8.084  -6.635  -6.635   2.437   2.437   4.912   4.912   5.764   5.764
   7.203   7.203   7.948   7.948   8.481   8.481  14.178  14.178  17.555  17.555
  18.900  18.900
            0.063343  0.105572  0.062426
 -11.421 -11.421 -11.059 -11.059 -10.722 -10.722 -10.603 -10.603 -10.585 -10.585
  -8.075  -8.075  -6.765  -6.765   2.575   2.575   5.045   5.045   5.913   5.913
   7.034   7.034   7.975   7.975   8.484   8.484  14.096  14.096  17.366  17.366
  19.067  19.067
            0.068622  0.105572  0.054623
 -11.437 -11.437 -11.026 -11.026 -10.735 -10.735 -10.603 -10.603 -10.579 -10.579
  -8.060  -8.060  -6.899  -6.899   2.729   2.729   5.157   5.157   6.068   6.068
   6.871   6.871   7.999   7.999   8.470   8.470  14.025  14.025  17.178  17.178
  19.254  19.254
            0.073901  0.105572  0.046820
 -11.462 -11.462 -10.981 -10.981 -10.748 -10.748 -10.603 -10.603 -10.572 -10.572
  -8.039  -8.039  -7.035  -7.035   2.893   2.893   5.244   5.244   6.212   6.212
   6.733   6.733   8.017   8.017   8.440   8.440  13.963  13.963  17.001  17.001
  19.447  19.447
            0.079179  0.105572  0.039016
 -11.490 -11.490 -10.934 -10.934 -10.759 -10.759 -10.603 -10.603 -10.565 -10.565
  -8.012  -8.012  -7.168  -7.168   3.062   3.062   5.302   5.302   6.291   6.291
   6.679   6.679   8.024   8.024   8.399   8.399  13.910  13.910  16.842  16.842
  19.630  19.630
            0.084458  0.105572  0.031213
 -11.516 -11.516 -10.888 -10.888 -10.768 -10.768 -10.604 -10.604 -10.558 -10.558
  -7.976  -7.976  -7.298  -7.298   3.228   3.228   5.328   5.328   6.261   6.261
   6.756   6.756   8.013   8.013   8.357   8.357  13.866  13.866  16.706  16.706
  19.783  19.783
            0.089736  0.105572  0.023410
 -11.538 -11.538 -10.849 -10.849 -10.776 -10.776 -10.604 -10.604 -10.552 -10.552
  -7.930  -7.930  -7.420  -7.420   3.383   3.383   5.320   5.320   6.196   6.196
   6.893   6.893   7.977   7.977   8.324   8.324  13.830  13.830  16.597  16.597
  19.890  19.890
            0.095015  0.105572  0.015607
 -11.555 -11.555 -10.819 -10.819 -10.781 -10.781 -10.605 -10.605 -10.546 -10.546
  -7.875  -7.875  -7.533  -7.533   3.512   3.512   5.289   5.289   6.147   6.147
   7.030   7.030   7.921   7.921   8.304   8.304  13.805  13.805  16.516  16.516
  19.952  19.952
            0.100294  0.105572  0.007803
 -11.565 -11.565 -10.800 -10.800 -10.785 -10.785 -10.605 -10.605 -10.543 -10.543
  -7.809  -7.809  -7.636  -7.636   3.600   3.600   5.254   5.254   6.121   6.121
   7.136   7.136   7.864   7.864   8.296   8.296  13.789  13.789  16.467  16.467
  19.981  19.981
            0.105572  0.105572  0.000000
 -11.569 -11.569 -10.794 -10.794 -10.786 -10.786 -10.605 -10.605 -10.542 -10.542
  -7.744  -7.744  -7.713  -7.713   3.632   3.632   5.240   5.240   6.113   6.113
   7.177   7.177   7.838   7.838   8.294   8.294  13.784  13.784  16.451  16.451
  19.989  19.989
            0.105572  0.105572  0.007803
 -11.566 -11.566 -10.800 -10.800 -10.785 -10.785 -10.605 -10.605 -10.543 -10.543
  -7.733  -7.733  -7.712  -7.712   3.610   3.610   5.246   5.246   6.121   6.121
   7.135   7.135   7.863   7.863   8.294   8.294  13.791  13.791  16.470  16.470
  19.984  19.984
            0.105572  0.105572  0.015607
 -11.557 -11.557 -10.818 -10.818 -10.782 -10.782 -10.605 -10.605 -10.546 -10.546
  -7.710  -7.710  -7.702  -7.702   3.547   3.547   5.263   5.263   6.145   6.145
   7.025   7.025   7.924   7.924   8.296   8.296  13.813  13.813  16.526  16.526
  19.967  19.967
            0.105572  0.105572  0.023410
 -11.542 -11.542 -10.848 -10.848 -10.777 -10.777 -10.604 -10.604 -10.551 -10.551
  -7.707  -7.707  -7.651  -7.651   3.447   3.447   5.291   5.291   6.181   6.181
   6.872   6.872   7.998   7.998   8.298   8.298  13.847  13.847  16.617  16.617
  19.937  19.937
            0.105572  0.105572  0.031213
 -11.522 -11.522 -10.887 -10.887 -10.770 -10.770 -10.603 -10.603 -10.557 -10.557
  -7.702  -7.702  -7.583  -7.583   3.314   3.314   5.329   5.329   6.226   6.226
   6.693   6.693   8.070   8.070   8.301   8.301  13.890  13.890  16.738  16.738
  19.894  19.894
            0.105572  0.105572  0.039016
 -11.497 -11.497 -10.935 -10.935 -10.762 -10.762 -10.602 -10.602 -10.564 -10.564
  -7.696  -7.696  -7.500  -7.500   3.157   3.157   5.375   5.375   6.277   6.277
   6.499   6.499   8.136   8.136   8.305   8.305  13.937  13.937  16.884  16.884
  19.839  19.839
            0.105572  0.105572  0.046820
 -11.468 -11.468 -10.989 -10.989 -10.751 -10.751 -10.601 -10.601 -10.572 -10.572
  -7.689  -7.689  -7.405  -7.405   2.981   2.981   5.426   5.426   6.299   6.299
   6.331   6.331   8.192   8.192   8.310   8.310  13.983  13.983  17.049  17.049
  19.772  19.772
            0.105572  0.105572  0.054623
 -11.436 -11.436 -11.047 -11.047 -10.739 -10.739 -10.600 -10.600 -10.580 -10.580
  -7.681  -7.681  -7.300  -7.300   2.791   2.791   5.473   5.473   6.105   6.105
   6.385   6.385   8.238   8.238   8.315   8.315  14.024  14.024  17.224  17.224
  19.696  19.696
            0.105572  0.105572  0.062426
 -11.402 -11.402 -11.107 -11.107 -10.725 -10.725 -10.599 -10.599 -10.589 -10.589
  -7.672  -7.672  -7.189  -7.189   2.594   2.594   5.489   5.489   5.947   5.947
   6.437   6.437   8.275   8.275   8.321   8.321  14.054  14.054  17.403  17.403
  19.618  19.618
            0.105572  0.105572  0.070230
 -11.366 -11.366 -11.168 -11.168 -10.709 -10.709 -10.598 -10.598 -10.597 -10.597
  -7.663  -7.663  -7.074  -7.074   2.394   2.394   5.423   5.423   5.880   5.880
   6.488   6.488   8.302   8.302   8.327   8.327  14.071  14.071  17.574  17.574
  19.545  19.545
            0.105572  0.105572  0.078033
 -11.330 -11.330 -11.227 -11.227 -10.691 -10.691 -10.606 -10.606 -10.596 -10.596
  -7.652  -7.652  -6.957  -6.957   2.196   2.196   5.271   5.271   5.908   5.908
   6.535   6.535   8.320   8.320   8.333   8.333  14.074  14.074  17.726  17.726
  19.486  19.486
            0.105572  0.105572  0.085836
 -11.294 -11.294 -11.285 -11.285 -10.673 -10.673 -10.614 -10.614 -10.595 -10.595
  -7.641  -7.641  -6.842  -6.842   2.003   2.003   5.089   5.089   5.979   5.979
   6.578   6.578   8.329   8.329   8.339   8.339  14.063  14.063  17.849  17.849
  19.451  19.451
            0.105572  0.105572  0.093639
 -11.338 -11.338 -11.260 -11.260 -10.654 -10.654 -10.622 -10.622 -10.593 -10.593
  -7.630  -7.630  -6.731  -6.731   1.819   1.819   4.904   4.904   6.066   6.066
   6.618   6.618   8.330   8.330   8.345   8.345  14.038  14.038  17.933  17.933
  19.451  19.451
            0.105572  0.105572  0.101443
 -11.387 -11.387 -11.229 -11.229 -10.634 -10.634 -10.630 -10.630 -10.592 -10.592
  -7.619  -7.619  -6.625  -6.625   1.649   1.649   4.728   4.728   6.159   6.159
   6.654   6.654   8.325   8.325   8.351   8.351  14.005  14.005  17.975  17.975
  19.485  19.485
            0.105572  0.105572  0.109246
 -11.432 -11.432 -11.201 -11.201 -10.637 -10.637 -10.615 -10.615 -10.591 -10.591
  -7.608  -7.608  -6.528  -6.528   1.494   1.494   4.567   4.567   6.251   6.251
   6.685   6.685   8.314   8.314   8.357   8.357  13.966  13.966  17.982  17.982
  19.549  19.549
            0.105572  0.105572  0.117049
 -11.470 -11.470 -11.177 -11.177 -10.643 -10.643 -10.596 -10.596 -10.590 -10.590
  -7.598  -7.598  -6.441  -6.441   1.358   1.358   4.424   4.424   6.339   6.339
   6.712   6.712   8.298   8.298   8.361   8.361  13.925  13.925  17.964  17.964
  19.628  19.628
            0.105572  0.105572  0.124852
 -11.502 -11.502 -11.157 -11.157 -10.648 -10.648 -10.589 -10.589 -10.580 -10.580
  -7.590  -7.590  -6.368  -6.368   1.242   1.242   4.303   4.303   6.418   6.418
   6.734   6.734   8.280   8.280   8.366   8.366  13.885  13.885  17.935  17.935
  19.711  19.711
            0.105572  0.105572  0.132656
 -11.527 -11.527 -11.141 -11.141 -10.653 -10.653 -10.588 -10.588 -10.566 -10.566
  -7.583  -7.583  -6.308  -6.308   1.151   1.151   4.206   4.206   6.486   6.486
   6.752   6.752   8.262   8.262   8.369   8.369  13.851  13.851  17.903  17.903
  19.785  19.785
            0.105572  0.105572  0.140459
 -11.545 -11.545 -11.130 -11.130 -10.656 -10.656 -10.588 -10.588 -10.555 -10.555
  -7.577  -7.577  -6.264  -6.264   1.084   1.084   4.135   4.135   6.537   6.537
   6.765   6.765   8.247   8.247   8.371   8.371  13.825  13.825  17.877  17.877
  19.844  19.844
            0.105572  0.105572  0.148262
 -11.556 -11.556 -11.123 -11.123 -10.658 -10.658 -10.587 -10.587 -10.549 -10.549
  -7.574  -7.574  -6.238  -6.238   1.043   1.043   4.092   4.092   6.570   6.570
   6.772   6.772   8.237   8.237   8.373   8.373  13.808  13.808  17.859  17.859
  19.881  19.881
            0.105572  0.105572  0.156066
 -11.560 -11.560 -11.120 -11.120 -10.658 -10.658 -10.587 -10.587 -10.546 -10.546
  -7.573  -7.573  -6.229  -6.229   1.030   1.030   4.078   4.078   6.581   6.581
   6.775   6.775   8.233   8.233   8.373   8.373  13.803  13.803  17.853  17.853
  19.894  19.894
